Benchmark results for /storage/emulated/0/results/FA-J-GC--2018-04-23-10:42:16.txt 
------------------------------------------------------------------------------
                  Raw data: [GC Count, Time (ms), Bytes freed, Bytes Freed Per GC, Time per GC (ms)] 
------------------------------------------------------------------------------
Discarded results (warmup)
(0, 1, 10, 5850536, 5850536.0, 10.0)
(1, 2, 14, 12188752, 6094376.0, 7.0)
(2, 1, 7, 5996904, 5996904.0, 7.0)
(3, 1, 6, 5996392, 5996392.0, 6.0)
(4, 1, 7, 6029272, 6029272.0, 7.0)
(5, 1, 7, 6012888, 6012888.0, 7.0)
(6, 1, 7, 6012968, 6012968.0, 7.0)
(7, 1, 7, 6062040, 6062040.0, 7.0)
(8, 1, 7, 6045576, 6045576.0, 7.0)
(9, 1, 6, 5996504, 5996504.0, 6.0)
------------------------------------------------------------------------------
Warmuped results:
(0, 1, 7, 6078128, 6078128.0, 7.0)
(1, 1, 7, 6012520, 6012520.0, 7.0)
(2, 2, 14, 12141032, 6070516.0, 7.0)
(3, 1, 7, 6062256, 6062256.0, 7.0)
(4, 1, 6, 6012792, 6012792.0, 6.0)
(5, 1, 7, 6012888, 6012888.0, 7.0)
(6, 1, 7, 6012856, 6012856.0, 7.0)
(7, 1, 7, 6029352, 6029352.0, 7.0)
(8, 1, 7, 6062040, 6062040.0, 7.0)
(9, 1, 7, 6045576, 6045576.0, 7.0)
(10, 1, 7, 6012888, 6012888.0, 7.0)
(11, 1, 7, 6078128, 6078128.0, 7.0)
(12, 1, 6, 6012592, 6012592.0, 6.0)
(13, 2, 14, 12108104, 6054052.0, 7.0)
(14, 1, 7, 6062256, 6062256.0, 7.0)
(15, 1, 7, 6012856, 6012856.0, 7.0)
(16, 1, 6, 6012888, 6012888.0, 6.0)
(17, 1, 7, 6012888, 6012888.0, 7.0)
(18, 1, 7, 6029352, 6029352.0, 7.0)
(19, 1, 7, 6062104, 6062104.0, 7.0)
(20, 1, 7, 6061960, 6061960.0, 7.0)
(21, 1, 7, 5996440, 5996440.0, 7.0)
(22, 1, 7, 6078128, 6078128.0, 7.0)
(23, 1, 6, 6012592, 6012592.0, 6.0)
(24, 2, 14, 12124464, 6062232.0, 7.0)
(25, 1, 7, 6062256, 6062256.0, 7.0)
(26, 1, 7, 6012856, 6012856.0, 7.0)
(27, 1, 7, 6012888, 6012888.0, 7.0)
(28, 1, 7, 6029272, 6029272.0, 7.0)
(29, 1, 6, 6029352, 6029352.0, 6.0)
(30, 1, 7, 6062120, 6062120.0, 7.0)
(31, 1, 7, 6045576, 6045576.0, 7.0)
(32, 1, 7, 5996424, 5996424.0, 7.0)
(33, 1, 7, 6078128, 6078128.0, 7.0)
(34, 1, 6, 6012592, 6012592.0, 6.0)
(35, 2, 14, 12124528, 6062264.0, 7.0)
(36, 1, 7, 6062256, 6062256.0, 7.0)
(37, 1, 7, 6012856, 6012856.0, 7.0)
(38, 1, 7, 6012888, 6012888.0, 7.0)
(39, 1, 6, 6012888, 6012888.0, 6.0)
(40, 1, 7, 6029256, 6029256.0, 7.0)
(41, 1, 7, 6062040, 6062040.0, 7.0)
(42, 1, 7, 6045576, 6045576.0, 7.0)
(43, 1, 7, 6012888, 6012888.0, 7.0)
(44, 1, 7, 6078128, 6078128.0, 7.0)
(45, 1, 6, 6012592, 6012592.0, 6.0)
(46, 2, 14, 12108144, 6054072.0, 7.0)
(47, 1, 7, 6062256, 6062256.0, 7.0)
(48, 1, 7, 6012856, 6012856.0, 7.0)
(49, 1, 7, 6029336, 6029336.0, 7.0)
(50, 1, 6, 6029272, 6029272.0, 6.0)
(51, 1, 7, 6029288, 6029288.0, 7.0)
(52, 1, 7, 6062040, 6062040.0, 7.0)
(53, 1, 7, 6045576, 6045576.0, 7.0)
(54, 1, 6, 5996504, 5996504.0, 6.0)
(55, 1, 7, 6094512, 6094512.0, 7.0)
(56, 1, 7, 6012592, 6012592.0, 7.0)
(57, 2, 13, 12108208, 6054104.0, 6.5)
(58, 1, 7, 6062256, 6062256.0, 7.0)
(59, 1, 6, 6029176, 6029176.0, 6.0)
(60, 1, 7, 6012888, 6012888.0, 7.0)
(61, 1, 7, 6012888, 6012888.0, 7.0)
(62, 1, 7, 6045736, 6045736.0, 7.0)
(63, 1, 6, 6062040, 6062040.0, 6.0)
(64, 1, 7, 6045432, 6045432.0, 7.0)
(65, 1, 7, 6012888, 6012888.0, 7.0)
(66, 1, 7, 6094512, 6094512.0, 7.0)
(67, 1, 7, 6028976, 6028976.0, 7.0)
(68, 2, 13, 12108144, 6054072.0, 6.5)
(69, 1, 7, 6062256, 6062256.0, 7.0)
(70, 1, 7, 6012856, 6012856.0, 7.0)
(71, 1, 7, 6012952, 6012952.0, 7.0)
(72, 1, 7, 6012888, 6012888.0, 7.0)
(73, 1, 7, 6045672, 6045672.0, 7.0)
(74, 1, 7, 6062040, 6062040.0, 7.0)
(75, 1, 7, 6045576, 6045576.0, 7.0)
(76, 1, 6, 6012888, 6012888.0, 6.0)
(77, 1, 7, 6078128, 6078128.0, 7.0)
(78, 1, 7, 6028456, 6028456.0, 7.0)
(79, 2, 14, 12124528, 6062264.0, 7.0)
(80, 1, 8, 6062256, 6062256.0, 8.0)
(81, 1, 7, 6029240, 6029240.0, 7.0)
(82, 1, 7, 5996504, 5996504.0, 7.0)
(83, 1, 7, 5996504, 5996504.0, 7.0)
(84, 1, 7, 6062120, 6062120.0, 7.0)
(85, 1, 6, 6062040, 6062040.0, 6.0)
(86, 1, 7, 6045576, 6045576.0, 7.0)
(87, 1, 7, 5996504, 5996504.0, 7.0)
(88, 1, 7, 6094512, 6094512.0, 7.0)
(89, 1, 6, 6012656, 6012656.0, 6.0)
(90, 2, 14, 12108080, 6054040.0, 7.0)
(91, 1, 7, 6062256, 6062256.0, 7.0)
(92, 1, 7, 6012856, 6012856.0, 7.0)
(93, 1, 7, 6029272, 6029272.0, 7.0)
(94, 1, 6, 6012888, 6012888.0, 6.0)
(95, 1, 7, 6029352, 6029352.0, 7.0)
(96, 1, 7, 6062040, 6062040.0, 7.0)
(97, 1, 7, 6045576, 6045576.0, 7.0)
(98, 1, 7, 6012888, 6012888.0, 7.0)
(99, 1, 7, 6094512, 6094512.0, 7.0)
------------------------------------------------------------------------------
Sample means, SD and CI (two-sided 95%)
Count: 1.09, 0,2876, 0,0564
Time: 7.46, 2,0371, 0,3993
Bytes freed: 6583858.32, 1749129,8794, 342829,4564
Bytes freed per GC: 6038466,6172, 26561,1377, 5205,9830
Time per GC: 6,8163, 0,3892, 0,0763
