Benchmark results for /storage/emulated/0/results/FA-KC-GC--2018-04-23-10:47:03.txt 
------------------------------------------------------------------------------
                  Raw data: [GC Count, Time (ms), Bytes freed, Bytes Freed Per GC, Time per GC (ms)] 
------------------------------------------------------------------------------
Discarded results (warmup)
(0, 2, 36, 12068296, 6034148.0, 18.0)
(1, 1, 24, 6053584, 6053584.0, 24.0)
(2, 1, 9, 6078392, 6078392.0, 9.0)
(3, 1, 9, 6015216, 6015216.0, 9.0)
(4, 1, 8, 5996504, 5996504.0, 8.0)
(5, 1, 18, 6029320, 6029320.0, 18.0)
(6, 1, 23, 6078408, 6078408.0, 23.0)
(7, 1, 19, 6094840, 6094840.0, 19.0)
(8, 1, 20, 6029352, 6029352.0, 20.0)
(9, 1, 18, 6078488, 6078488.0, 18.0)
------------------------------------------------------------------------------
Warmuped results:
(0, 1, 20, 6078048, 6078048.0, 20.0)
(1, 1, 16, 6127376, 6127376.0, 16.0)
(2, 2, 41, 12452592, 6226296.0, 20.5)
(3, 1, 20, 5980024, 5980024.0, 20.0)
(4, 1, 21, 6029240, 6029240.0, 21.0)
(5, 1, 20, 6045576, 6045576.0, 20.0)
(6, 1, 17, 6012904, 6012904.0, 17.0)
(7, 1, 20, 6012888, 6012888.0, 20.0)
(8, 1, 21, 6111240, 6111240.0, 21.0)
(9, 1, 39, 6045752, 6045752.0, 39.0)
(10, 1, 20, 6127704, 6127704.0, 20.0)
(11, 1, 7, 6061960, 6061960.0, 7.0)
(12, 1, 10, 6110864, 6110864.0, 10.0)
(13, 2, 24, 12074968, 6037484.0, 12.0)
(14, 1, 20, 5996880, 5996880.0, 20.0)
(15, 1, 20, 6029368, 6029368.0, 20.0)
(16, 1, 25, 6012808, 6012808.0, 25.0)
(17, 1, 14, 6029320, 6029320.0, 14.0)
(18, 1, 28, 5980120, 5980120.0, 28.0)
(19, 1, 17, 6127560, 6127560.0, 17.0)
(20, 1, 7, 6029352, 6029352.0, 7.0)
(21, 1, 10, 5980232, 5980232.0, 10.0)
(22, 1, 12, 6078064, 6078064.0, 12.0)
(23, 1, 20, 6061712, 6061712.0, 20.0)
(24, 1, 20, 6111112, 6111112.0, 20.0)
(25, 2, 53, 12337920, 6168960.0, 26.5)
(26, 1, 21, 6127592, 6127592.0, 21.0)
(27, 1, 25, 6078344, 6078344.0, 25.0)
(28, 1, 31, 6045720, 6045720.0, 31.0)
(29, 1, 12, 6078424, 6078424.0, 12.0)
(30, 1, 25, 6012840, 6012840.0, 25.0)
(31, 1, 21, 6143960, 6143960.0, 21.0)
(32, 1, 15, 6062088, 6062088.0, 15.0)
(33, 1, 15, 6078424, 6078424.0, 15.0)
(34, 1, 19, 5996568, 5996568.0, 19.0)
(35, 1, 10, 6078128, 6078128.0, 10.0)
(36, 2, 33, 12058648, 6029324.0, 16.5)
(37, 1, 25, 6029672, 6029672.0, 25.0)
(38, 1, 24, 6045624, 6045624.0, 24.0)
(39, 1, 27, 6111224, 6111224.0, 27.0)
(40, 1, 27, 6094712, 6094712.0, 27.0)
(41, 1, 23, 6111368, 6111368.0, 23.0)
(42, 1, 28, 6062184, 6062184.0, 28.0)
(43, 1, 29, 6127768, 6127768.0, 29.0)
(44, 1, 9, 6143816, 6143816.0, 9.0)
(45, 1, 18, 6013048, 6013048.0, 18.0)
(46, 1, 19, 6078520, 6078520.0, 19.0)
(47, 1, 19, 6078304, 6078304.0, 19.0)
(48, 1, 17, 6094416, 6094416.0, 17.0)
(49, 2, 45, 12321520, 6160760.0, 22.5)
(50, 1, 21, 6012952, 6012952.0, 21.0)
(51, 1, 34, 6029368, 6029368.0, 34.0)
(52, 1, 27, 6176984, 6176984.0, 27.0)
(53, 1, 41, 6062040, 6062040.0, 41.0)
(54, 1, 8, 6160440, 6160440.0, 8.0)
(55, 1, 18, 6061944, 6061944.0, 18.0)
(56, 1, 18, 6013064, 6013064.0, 18.0)
(57, 1, 18, 5996504, 5996504.0, 18.0)
(58, 1, 19, 6045928, 6045928.0, 19.0)
(59, 1, 18, 6078128, 6078128.0, 18.0)
(60, 1, 18, 6094592, 6094592.0, 18.0)
(61, 2, 49, 12337920, 6168960.0, 24.5)
(62, 1, 26, 6061992, 6061992.0, 26.0)
(63, 1, 20, 6062136, 6062136.0, 20.0)
(64, 1, 16, 6078280, 6078280.0, 16.0)
(65, 1, 21, 6062232, 6062232.0, 21.0)
(66, 1, 29, 6029272, 6029272.0, 29.0)
(67, 1, 25, 6127816, 6127816.0, 25.0)
(68, 1, 18, 6094808, 6094808.0, 18.0)
(69, 1, 19, 6012984, 6012984.0, 19.0)
(70, 1, 7, 6029368, 6029368.0, 7.0)
(71, 1, 20, 6029168, 6029168.0, 20.0)
(72, 1, 22, 6143584, 6143584.0, 22.0)
(73, 2, 39, 12403344, 6201672.0, 19.5)
(74, 1, 23, 6013032, 6013032.0, 23.0)
(75, 1, 20, 6062024, 6062024.0, 20.0)
(76, 1, 24, 6062152, 6062152.0, 24.0)
(77, 1, 23, 6062040, 6062040.0, 23.0)
(78, 1, 14, 6062216, 6062216.0, 14.0)
(79, 1, 20, 6078424, 6078424.0, 20.0)
(80, 1, 26, 6078680, 6078680.0, 26.0)
(81, 1, 17, 6111208, 6111208.0, 17.0)
(82, 1, 19, 5980232, 5980232.0, 19.0)
(83, 1, 17, 6078112, 6078112.0, 17.0)
(84, 1, 20, 6111056, 6111056.0, 20.0)
(85, 2, 57, 12321360, 6160680.0, 28.5)
(86, 1, 18, 6111352, 6111352.0, 18.0)
(87, 1, 18, 6045800, 6045800.0, 18.0)
(88, 1, 26, 6062056, 6062056.0, 26.0)
(89, 1, 25, 6078520, 6078520.0, 25.0)
(90, 1, 19, 6029336, 6029336.0, 19.0)
(91, 1, 19, 6095000, 6095000.0, 19.0)
(92, 1, 14, 6012808, 6012808.0, 14.0)
(93, 1, 17, 6013048, 6013048.0, 17.0)
(94, 1, 20, 6045752, 6045752.0, 20.0)
(95, 1, 19, 6094688, 6094688.0, 19.0)
(96, 1, 27, 6061648, 6061648.0, 27.0)
(97, 2, 43, 12337904, 6168952.0, 21.5)
(98, 1, 11, 6045800, 6045800.0, 11.0)
(99, 1, 11, 6012808, 6012808.0, 11.0)
------------------------------------------------------------------------------
Sample means, SD and CI (two-sided 95%)
Count: 1.09, 0,2876, 0,0564
Time: 21.97, 9,3392, 1,8305
Bytes freed: 6623904.0, 1793074,1068, 351442,5249
Bytes freed per GC: 6070223,7076, 52615,9904, 10312,7341
Time per GC: 17,8203, 6,5904, 1,2917
