Benchmark results for /storage/emulated/0/results/FA-KI-GC--2018-04-23-10:49:39.txt 
------------------------------------------------------------------------------
                  Raw data: [GC Count, Time (ms), Bytes freed, Bytes Freed Per GC, Time per GC (ms)] 
------------------------------------------------------------------------------
Discarded results (warmup)
(0, 1, 14, 6145816, 6145816.0, 14.0)
(1, 1, 15, 6185904, 6185904.0, 15.0)
(2, 1, 13, 6237656, 6237656.0, 13.0)
(3, 1, 12, 6193064, 6193064.0, 12.0)
(4, 1, 21, 6176808, 6176808.0, 21.0)
(5, 1, 24, 6242328, 6242328.0, 24.0)
(6, 1, 10, 6275128, 6275128.0, 10.0)
(7, 1, 19, 6193160, 6193160.0, 19.0)
(8, 1, 7, 6242456, 6242456.0, 7.0)
(9, 1, 9, 6209528, 6209528.0, 9.0)
------------------------------------------------------------------------------
Warmuped results:
(0, 2, 38, 12462160, 6231080.0, 19.0)
(1, 1, 23, 6193128, 6193128.0, 23.0)
(2, 1, 16, 6215624, 6215624.0, 16.0)
(3, 1, 22, 6209576, 6209576.0, 22.0)
(4, 1, 13, 6242392, 6242392.0, 13.0)
(5, 1, 11, 6193208, 6193208.0, 11.0)
(6, 1, 20, 6193056, 6193056.0, 20.0)
(7, 1, 18, 6226128, 6226128.0, 18.0)
(8, 1, 25, 6225928, 6225928.0, 25.0)
(9, 1, 19, 6258664, 6258664.0, 19.0)
(10, 1, 14, 6225848, 6225848.0, 14.0)
(11, 1, 21, 6193304, 6193304.0, 21.0)
(12, 1, 17, 6258712, 6258712.0, 17.0)
(13, 1, 7, 6242136, 6242136.0, 7.0)
(14, 1, 10, 6209632, 6209632.0, 10.0)
(15, 2, 27, 12445936, 6222968.0, 13.5)
(16, 1, 25, 6176656, 6176656.0, 25.0)
(17, 1, 11, 6248336, 6248336.0, 11.0)
(18, 1, 17, 6176888, 6176888.0, 17.0)
(19, 1, 15, 6209624, 6209624.0, 15.0)
(20, 1, 25, 6193304, 6193304.0, 25.0)
(21, 1, 21, 6275000, 6275000.0, 21.0)
(22, 1, 26, 6225880, 6225880.0, 26.0)
(23, 1, 19, 6209624, 6209624.0, 19.0)
(24, 1, 19, 6225912, 6225912.0, 19.0)
(25, 1, 21, 6225848, 6225848.0, 21.0)
(26, 1, 16, 6225976, 6225976.0, 16.0)
(27, 1, 21, 6209640, 6209640.0, 21.0)
(28, 1, 7, 6242456, 6242456.0, 7.0)
(29, 1, 16, 6209464, 6209464.0, 16.0)
(30, 1, 19, 6291432, 6291432.0, 19.0)
(31, 2, 41, 12576888, 6288444.0, 20.5)
(32, 1, 21, 6209560, 6209560.0, 21.0)
(33, 1, 14, 6232000, 6232000.0, 14.0)
(34, 1, 9, 6193144, 6193144.0, 9.0)
(35, 1, 13, 6193288, 6193288.0, 13.0)
(36, 1, 16, 6193160, 6193160.0, 16.0)
(37, 1, 8, 6209512, 6209512.0, 8.0)
(38, 1, 21, 6176776, 6176776.0, 21.0)
(39, 1, 17, 6242424, 6242424.0, 17.0)
(40, 1, 14, 6176472, 6176472.0, 14.0)
(41, 1, 18, 6210008, 6210008.0, 18.0)
(42, 1, 11, 6209624, 6209624.0, 11.0)
(43, 1, 20, 6209656, 6209656.0, 20.0)
(44, 1, 7, 6242328, 6242328.0, 7.0)
(45, 1, 19, 6209656, 6209656.0, 19.0)
(46, 2, 43, 12609768, 6304884.0, 21.5)
(47, 1, 16, 6225864, 6225864.0, 16.0)
(48, 1, 19, 6199376, 6199376.0, 19.0)
(49, 1, 17, 6225992, 6225992.0, 17.0)
(50, 1, 22, 6176952, 6176952.0, 22.0)
(51, 1, 17, 6242312, 6242312.0, 17.0)
(52, 1, 20, 6226024, 6226024.0, 20.0)
(53, 1, 18, 6193160, 6193160.0, 18.0)
(54, 1, 11, 6226104, 6226104.0, 11.0)
(55, 1, 21, 6176856, 6176856.0, 21.0)
(56, 1, 11, 6226104, 6226104.0, 11.0)
(57, 1, 9, 6176696, 6176696.0, 9.0)
(58, 1, 7, 6176968, 6176968.0, 7.0)
(59, 1, 13, 6193176, 6193176.0, 13.0)
(60, 1, 19, 6226104, 6226104.0, 19.0)
(61, 2, 34, 12626184, 6313092.0, 17.0)
(62, 1, 22, 6193016, 6193016.0, 22.0)
(63, 1, 20, 6232144, 6232144.0, 20.0)
(64, 1, 20, 6258696, 6258696.0, 20.0)
(65, 1, 21, 6226088, 6226088.0, 21.0)
(66, 1, 18, 6242232, 6242232.0, 18.0)
(67, 1, 23, 6209816, 6209816.0, 23.0)
(68, 1, 9, 6258776, 6258776.0, 9.0)
(69, 1, 22, 6176872, 6176872.0, 22.0)
(70, 1, 23, 6258616, 6258616.0, 23.0)
(71, 1, 23, 6242552, 6242552.0, 23.0)
(72, 1, 20, 6242392, 6242392.0, 20.0)
(73, 1, 11, 6226024, 6226024.0, 11.0)
(74, 1, 16, 6193176, 6193176.0, 16.0)
(75, 1, 19, 6242584, 6242584.0, 19.0)
(76, 1, 23, 6274984, 6274984.0, 23.0)
(77, 2, 39, 12462448, 6231224.0, 19.5)
(78, 1, 18, 6242304, 6242304.0, 18.0)
(79, 1, 17, 6215488, 6215488.0, 17.0)
(80, 1, 21, 6209736, 6209736.0, 21.0)
(81, 1, 19, 6242312, 6242312.0, 19.0)
(82, 1, 19, 6226104, 6226104.0, 19.0)
(83, 1, 15, 6225928, 6225928.0, 15.0)
(84, 1, 15, 6193336, 6193336.0, 15.0)
(85, 1, 16, 6193160, 6193160.0, 16.0)
(86, 1, 16, 6209720, 6209720.0, 16.0)
(87, 1, 19, 6193240, 6193240.0, 19.0)
(88, 1, 15, 6226184, 6226184.0, 15.0)
(89, 1, 7, 6193096, 6193096.0, 7.0)
(90, 1, 7, 6193416, 6193416.0, 7.0)
(91, 1, 20, 6209544, 6209544.0, 20.0)
(92, 1, 19, 6275112, 6275112.0, 19.0)
(93, 2, 46, 12609816, 6304908.0, 23.0)
(94, 1, 12, 6215472, 6215472.0, 12.0)
(95, 1, 17, 6193416, 6193416.0, 17.0)
(96, 1, 16, 6209624, 6209624.0, 16.0)
(97, 1, 17, 6193256, 6193256.0, 17.0)
(98, 1, 15, 6209544, 6209544.0, 15.0)
(99, 1, 22, 6209800, 6209800.0, 22.0)
------------------------------------------------------------------------------
Sample means, SD and CI (two-sided 95%)
Count: 1.07, 0,2564, 0,0503
Time: 18.42, 7,3239, 1,4355
Bytes freed: 6659836.32, 1622194,1705, 317950,0574
Bytes freed per GC: 6220725,7123, 30205,8887, 5920,3542
Time per GC: 15,3318, 5,0262, 0,9851
