Benchmark results for /storage/emulated/0/results/RC-J-GC--2018-04-23-11:53:59.txt 
------------------------------------------------------------------------------
                  Raw data: [GC Count, Time (ms), Bytes freed, Bytes Freed Per GC, Time per GC (ms)] 
------------------------------------------------------------------------------
Discarded results (warmup)
(0, 0, 0, 0, 0.0, 0.0)
(1, 1, 10, 6145904, 6145904.0, 10.0)
(2, 1, 7, 6293104, 6293104.0, 7.0)
(3, 1, 7, 6270872, 6270872.0, 7.0)
(4, 0, 0, 0, 0.0, 0.0)
(5, 1, 7, 6219184, 6219184.0, 7.0)
(6, 1, 6, 6258544, 6258544.0, 6.0)
(7, 0, 0, 0, 0.0, 0.0)
(8, 1, 7, 6209392, 6209392.0, 7.0)
(9, 1, 7, 6242264, 6242264.0, 7.0)
------------------------------------------------------------------------------
Warmuped results:
(0, 0, 0, 0, 0.0, 0.0)
(1, 1, 7, 6225768, 6225768.0, 7.0)
(2, 1, 7, 6242328, 6242328.0, 7.0)
(3, 0, 0, 0, 0.0, 0.0)
(4, 1, 7, 6225840, 6225840.0, 7.0)
(5, 1, 20, 6242200, 6242200.0, 20.0)
(6, 0, 0, 0, 0.0, 0.0)
(7, 1, 7, 6324112, 6324112.0, 7.0)
(8, 1, 9, 6258648, 6258648.0, 9.0)
(9, 0, 0, 0, 0.0, 0.0)
(10, 1, 9, 6202240, 6202240.0, 9.0)
(11, 1, 9, 6265928, 6265928.0, 9.0)
(12, 1, 9, 6209496, 6209496.0, 9.0)
(13, 0, 0, 0, 0.0, 0.0)
(14, 1, 9, 6192864, 6192864.0, 9.0)
(15, 1, 9, 6242368, 6242368.0, 9.0)
(16, 0, 0, 0, 0.0, 0.0)
(17, 1, 8, 6209520, 6209520.0, 8.0)
(18, 1, 9, 6242264, 6242264.0, 9.0)
(19, 0, 0, 0, 0.0, 0.0)
(20, 1, 9, 6209392, 6209392.0, 9.0)
(21, 1, 20, 6242264, 6242264.0, 20.0)
(22, 0, 0, 0, 0.0, 0.0)
(23, 1, 7, 6307760, 6307760.0, 7.0)
(24, 1, 19, 6258424, 6258424.0, 19.0)
(25, 0, 0, 0, 0.0, 0.0)
(26, 1, 6, 6307864, 6307864.0, 6.0)
(27, 1, 20, 6258664, 6258664.0, 20.0)
(28, 0, 0, 0, 0.0, 0.0)
(29, 1, 7, 6307800, 6307800.0, 7.0)
(30, 1, 7, 6258648, 6258648.0, 7.0)
(31, 1, 6, 6235008, 6235008.0, 6.0)
(32, 0, 0, 0, 0.0, 0.0)
(33, 1, 8, 6200392, 6200392.0, 8.0)
(34, 1, 6, 6225880, 6225880.0, 6.0)
(35, 0, 0, 0, 0.0, 0.0)
(36, 1, 7, 6209392, 6209392.0, 7.0)
(37, 1, 7, 6225880, 6225880.0, 7.0)
(38, 0, 0, 0, 0.0, 0.0)
(39, 1, 8, 6209456, 6209456.0, 8.0)
(40, 1, 19, 6258344, 6258344.0, 19.0)
(41, 0, 0, 0, 0.0, 0.0)
(42, 1, 7, 6308032, 6308032.0, 7.0)
(43, 1, 13, 6242328, 6242328.0, 13.0)
(44, 0, 0, 0, 0.0, 0.0)
(45, 1, 8, 6258544, 6258544.0, 8.0)
(46, 1, 19, 6291352, 6291352.0, 19.0)
(47, 0, 0, 0, 0.0, 0.0)
(48, 1, 7, 6291336, 6291336.0, 7.0)
(49, 1, 7, 6258648, 6258648.0, 7.0)
(50, 1, 7, 6235048, 6235048.0, 7.0)
(51, 0, 0, 0, 0.0, 0.0)
(52, 1, 9, 6200328, 6200328.0, 9.0)
(53, 1, 7, 6225880, 6225880.0, 7.0)
(54, 0, 0, 0, 0.0, 0.0)
(55, 1, 7, 6225840, 6225840.0, 7.0)
(56, 1, 7, 6258648, 6258648.0, 7.0)
(57, 0, 0, 0, 0.0, 0.0)
(58, 1, 7, 6209456, 6209456.0, 7.0)
(59, 1, 7, 6225880, 6225880.0, 7.0)
(60, 0, 0, 0, 0.0, 0.0)
(61, 1, 7, 6209456, 6209456.0, 7.0)
(62, 1, 13, 6225880, 6225880.0, 13.0)
(63, 0, 0, 0, 0.0, 0.0)
(64, 1, 7, 6209272, 6209272.0, 7.0)
(65, 1, 8, 6225880, 6225880.0, 8.0)
(66, 0, 0, 0, 0.0, 0.0)
(67, 1, 7, 6202280, 6202280.0, 7.0)
(68, 1, 8, 6265944, 6265944.0, 8.0)
(69, 1, 7, 6209576, 6209576.0, 7.0)
(70, 0, 0, 0, 0.0, 0.0)
(71, 1, 7, 6192992, 6192992.0, 7.0)
(72, 1, 6, 6225800, 6225800.0, 6.0)
(73, 0, 0, 0, 0.0, 0.0)
(74, 1, 16, 6225840, 6225840.0, 16.0)
(75, 1, 7, 6274992, 6274992.0, 7.0)
(76, 0, 0, 0, 0.0, 0.0)
(77, 1, 7, 6258608, 6258608.0, 7.0)
(78, 1, 8, 6258688, 6258688.0, 8.0)
(79, 0, 0, 0, 0.0, 0.0)
(80, 1, 7, 6225840, 6225840.0, 7.0)
(81, 1, 20, 6242344, 6242344.0, 20.0)
(82, 0, 0, 0, 0.0, 0.0)
(83, 1, 7, 6324144, 6324144.0, 7.0)
(84, 1, 9, 6209416, 6209416.0, 9.0)
(85, 0, 0, 0, 0.0, 0.0)
(86, 1, 8, 6218624, 6218624.0, 8.0)
(87, 1, 7, 6249520, 6249520.0, 7.0)
(88, 1, 7, 6193112, 6193112.0, 7.0)
(89, 0, 0, 0, 0.0, 0.0)
(90, 1, 7, 6193032, 6193032.0, 7.0)
(91, 1, 7, 6242264, 6242264.0, 7.0)
(92, 0, 0, 0, 0.0, 0.0)
(93, 1, 7, 6209456, 6209456.0, 7.0)
(94, 1, 20, 6242264, 6242264.0, 20.0)
(95, 0, 0, 0, 0.0, 0.0)
(96, 1, 7, 6307760, 6307760.0, 7.0)
(97, 1, 7, 6275032, 6275032.0, 7.0)
(98, 0, 0, 0, 0.0, 0.0)
(99, 1, 7, 6193072, 6193072.0, 7.0)
------------------------------------------------------------------------------
Sample means, SD and CI (two-sided 95%)
Count: 0.68, 0,4688, 0,0919
Time: 9.147058823529411, 4,1762, 0,8185
Bytes freed: 6240311.05882353, 34561,7755, 6774,1080
Bytes freed per GC: 6240123,2091, 34562,2936, 6774,2095
Time per GC: 8,0933, 4,3090, 0,8446
