Benchmark results for /storage/emulated/0/results/RC-KC-GC--2018-04-23-11:56:57.txt 
------------------------------------------------------------------------------
                  Raw data: [GC Count, Time (ms), Bytes freed, Bytes Freed Per GC, Time per GC (ms)] 
------------------------------------------------------------------------------
Discarded results (warmup)
(0, 1, 27, 6054424, 6054424.0, 27.0)
(1, 0, 0, 0, 0.0, 0.0)
(2, 1, 28, 7938912, 7938912.0, 28.0)
(3, 0, 0, 0, 0.0, 0.0)
(4, 1, 22, 7176496, 7176496.0, 22.0)
(5, 1, 19, 6972184, 6972184.0, 19.0)
(6, 0, 0, 0, 0.0, 0.0)
(7, 1, 12, 6848568, 6848568.0, 12.0)
(8, 1, 22, 6848472, 6848472.0, 22.0)
(9, 0, 0, 0, 0.0, 0.0)
------------------------------------------------------------------------------
Warmuped results:
(0, 1, 16, 7012264, 7012264.0, 16.0)
(1, 0, 0, 0, 0.0, 0.0)
(2, 1, 24, 6904824, 6904824.0, 24.0)
(3, 1, 11, 7070664, 7070664.0, 11.0)
(4, 0, 0, 0, 0.0, 0.0)
(5, 1, 15, 6946736, 6946736.0, 15.0)
(6, 0, 0, 0, 0.0, 0.0)
(7, 1, 25, 6970368, 6970368.0, 25.0)
(8, 1, 38, 7037992, 7037992.0, 38.0)
(9, 0, 0, 0, 0.0, 0.0)
(10, 1, 15, 7077960, 7077960.0, 15.0)
(11, 1, 23, 6848376, 6848376.0, 23.0)
(12, 0, 0, 0, 0.0, 0.0)
(13, 1, 17, 7044992, 7044992.0, 17.0)
(14, 0, 0, 0, 0.0, 0.0)
(15, 1, 17, 6839304, 6839304.0, 17.0)
(16, 1, 20, 6874056, 6874056.0, 20.0)
(17, 0, 0, 0, 0.0, 0.0)
(18, 1, 20, 6979504, 6979504.0, 20.0)
(19, 0, 0, 0, 0.0, 0.0)
(20, 1, 29, 6905016, 6905016.0, 29.0)
(21, 1, 29, 7037904, 7037904.0, 29.0)
(22, 0, 0, 0, 0.0, 0.0)
(23, 1, 16, 7110568, 7110568.0, 16.0)
(24, 0, 0, 0, 0.0, 0.0)
(25, 1, 29, 7002856, 7002856.0, 29.0)
(26, 1, 18, 7136344, 7136344.0, 18.0)
(27, 0, 0, 0, 0.0, 0.0)
(28, 1, 11, 6979504, 6979504.0, 11.0)
(29, 1, 28, 6914160, 6914160.0, 28.0)
(30, 0, 0, 0, 0.0, 0.0)
(31, 1, 14, 7077888, 7077888.0, 14.0)
(32, 0, 0, 0, 0.0, 0.0)
(33, 1, 21, 6970392, 6970392.0, 21.0)
(34, 1, 29, 6972288, 6972288.0, 29.0)
(35, 0, 0, 0, 0.0, 0.0)
(36, 1, 33, 7077880, 7077880.0, 33.0)
(37, 0, 0, 0, 0.0, 0.0)
(38, 1, 39, 7166984, 7166984.0, 39.0)
(39, 1, 34, 7201880, 7201880.0, 34.0)
(40, 0, 0, 0, 0.0, 0.0)
(41, 1, 15, 7176016, 7176016.0, 15.0)
(42, 0, 0, 0, 0.0, 0.0)
(43, 1, 18, 6937880, 6937880.0, 18.0)
(44, 1, 21, 7086912, 7086912.0, 21.0)
(45, 0, 0, 0, 0.0, 0.0)
(46, 1, 12, 6979848, 6979848.0, 12.0)
(47, 0, 0, 0, 0.0, 0.0)
(48, 1, 17, 6970440, 6970440.0, 17.0)
(49, 1, 30, 6972552, 6972552.0, 30.0)
(50, 0, 0, 0, 0.0, 0.0)
(51, 1, 34, 6979440, 6979440.0, 34.0)
(52, 0, 0, 0, 0.0, 0.0)
(53, 1, 28, 7232792, 7232792.0, 28.0)
(54, 1, 24, 7136112, 7136112.0, 24.0)
(55, 0, 0, 0, 0.0, 0.0)
(56, 1, 25, 7045304, 7045304.0, 25.0)
(57, 0, 0, 0, 0.0, 0.0)
(58, 1, 19, 6937608, 6937608.0, 19.0)
(59, 1, 26, 6907016, 6907016.0, 26.0)
(60, 0, 0, 0, 0.0, 0.0)
(61, 1, 15, 7012272, 7012272.0, 15.0)
(62, 1, 12, 6848736, 6848736.0, 12.0)
(63, 0, 0, 0, 0.0, 0.0)
(64, 1, 7, 6913824, 6913824.0, 7.0)
(65, 0, 0, 0, 0.0, 0.0)
(66, 1, 24, 6872440, 6872440.0, 24.0)
(67, 1, 30, 7070592, 7070592.0, 30.0)
(68, 0, 0, 0, 0.0, 0.0)
(69, 1, 38, 7110840, 7110840.0, 38.0)
(70, 0, 0, 0, 0.0, 0.0)
(71, 1, 11, 6904840, 6904840.0, 11.0)
(72, 1, 27, 6939768, 6939768.0, 27.0)
(73, 0, 0, 0, 0.0, 0.0)
(74, 1, 19, 7045120, 7045120.0, 19.0)
(75, 0, 0, 0, 0.0, 0.0)
(76, 1, 17, 6914352, 6914352.0, 17.0)
(77, 1, 29, 7044960, 7044960.0, 29.0)
(78, 0, 0, 0, 0.0, 0.0)
(79, 1, 26, 7003352, 7003352.0, 26.0)
(80, 1, 16, 7021440, 7021440.0, 16.0)
(81, 0, 0, 0, 0.0, 0.0)
(82, 1, 15, 6947000, 6947000.0, 15.0)
(83, 0, 0, 0, 0.0, 0.0)
(84, 1, 22, 7035912, 7035912.0, 22.0)
(85, 1, 19, 6956168, 6956168.0, 19.0)
(86, 0, 0, 0, 0.0, 0.0)
(87, 1, 19, 6881200, 6881200.0, 19.0)
(88, 0, 0, 0, 0.0, 0.0)
(89, 1, 11, 7003496, 7003496.0, 11.0)
(90, 1, 11, 6923216, 6923216.0, 11.0)
(91, 0, 0, 0, 0.0, 0.0)
(92, 1, 18, 6914312, 6914312.0, 18.0)
(93, 1, 11, 7045000, 7045000.0, 11.0)
(94, 0, 0, 0, 0.0, 0.0)
(95, 1, 12, 6914232, 6914232.0, 12.0)
(96, 0, 0, 0, 0.0, 0.0)
(97, 1, 28, 6904840, 6904840.0, 28.0)
(98, 1, 30, 7054392, 7054392.0, 30.0)
(99, 0, 0, 0, 0.0, 0.0)
------------------------------------------------------------------------------
Sample means, SD and CI (two-sided 95%)
Count: 0.61, 0,4902, 0,0961
Time: 21.42622950819672, 7,8368, 1,5360
Bytes freed: 6996802.098360656, 91186,9833, 17872,6487
Bytes freed per GC: 6995639,9210, 91194,5124, 17874,1244
Time per GC: 18,5233, 8,3656, 1,6397
