Benchmark results for /storage/emulated/0/results/RC-KI-GC--2018-04-23-11:59:54.txt 
------------------------------------------------------------------------------
                  Raw data: [GC Count, Time (ms), Bytes freed, Bytes Freed Per GC, Time per GC (ms)] 
------------------------------------------------------------------------------
Discarded results (warmup)
(0, 4, 188, 39887944, 9971986.0, 47.0)
(1, 3, 150, 36298728, 1.2099576E7, 50.0)
(2, 3, 209, 45027088, 1.5009029333333334E7, 69.66666666666667)
(3, 3, 152, 42742416, 1.4247472E7, 50.666666666666664)
(4, 3, 116, 42059288, 1.4019762666666666E7, 38.666666666666664)
(5, 4, 208, 42964840, 1.074121E7, 52.0)
(6, 2, 126, 37757336, 1.8878668E7, 63.0)
(7, 3, 139, 46714040, 1.5571346666666666E7, 46.333333333333336)
(8, 4, 236, 42916864, 1.0729216E7, 59.0)
(9, 3, 115, 39650840, 1.3216946666666666E7, 38.333333333333336)
------------------------------------------------------------------------------
Warmuped results:
(0, 3, 169, 42454896, 1.4151632E7, 56.333333333333336)
(1, 4, 205, 49224160, 1.230604E7, 51.25)
(2, 3, 197, 38529800, 1.2843266666666666E7, 65.66666666666667)
(3, 2, 131, 37766488, 1.8883244E7, 65.5)
(4, 3, 209, 46705560, 1.556852E7, 69.66666666666667)
(5, 3, 145, 42883000, 1.4294333333333334E7, 48.333333333333336)
(6, 3, 166, 42455168, 1.4151722666666666E7, 55.333333333333336)
(7, 3, 154, 47752904, 1.5917634666666666E7, 51.333333333333336)
(8, 3, 164, 36725728, 1.2241909333333334E7, 54.666666666666664)
(9, 3, 206, 42918376, 1.4306125333333334E7, 68.66666666666667)
(10, 3, 185, 42468888, 1.4156296E7, 61.666666666666664)
(11, 3, 126, 42452504, 1.4150834666666666E7, 42.0)
(12, 3, 183, 45863088, 1.5287696E7, 61.0)
(13, 3, 150, 38476608, 1.2825536E7, 50.0)
(14, 3, 158, 43018096, 1.4339365333333334E7, 52.666666666666664)
(15, 3, 203, 42468592, 1.4156197333333334E7, 67.66666666666667)
(16, 3, 174, 45860376, 1.5286792E7, 58.0)
(17, 3, 143, 36242312, 1.2080770666666666E7, 47.666666666666664)
(18, 4, 154, 50690072, 1.2672518E7, 38.5)
(19, 3, 154, 36600144, 1.2200048E7, 51.333333333333336)
(20, 3, 203, 42911856, 1.4303952E7, 67.66666666666667)
(21, 3, 119, 47712408, 1.5904136E7, 39.666666666666664)
(22, 3, 133, 36797224, 1.2265741333333334E7, 44.333333333333336)
(23, 4, 182, 42969696, 1.0742424E7, 45.5)
(24, 3, 148, 42484976, 1.4161658666666666E7, 49.333333333333336)
(25, 3, 151, 39650800, 1.3216933333333334E7, 50.333333333333336)
(26, 3, 173, 42453008, 1.4151002666666666E7, 57.666666666666664)
(27, 3, 177, 42462000, 1.4154E7, 59.0)
(28, 3, 187, 44849616, 1.4949872E7, 62.333333333333336)
(29, 3, 218, 46741976, 1.5580658666666666E7, 72.66666666666667)
(30, 3, 242, 38579592, 1.2859864E7, 80.66666666666667)
(31, 3, 151, 47752888, 1.5917629333333334E7, 50.333333333333336)
(32, 3, 38, 34357720, 1.1452573333333334E7, 12.666666666666666)
(33, 4, 61, 45291984, 1.1322996E7, 15.25)
(34, 3, 47, 39641784, 1.3213928E7, 15.666666666666666)
(35, 4, 87, 45316920, 1.132923E7, 21.75)
(36, 3, 48, 39641704, 1.3213901333333334E7, 16.0)
(37, 4, 60, 45300600, 1.132515E7, 15.0)
(38, 3, 47, 39641928, 1.3213976E7, 15.666666666666666)
(39, 4, 58, 45300536, 1.1325134E7, 14.5)
(40, 3, 106, 39638104, 1.3212701333333334E7, 35.333333333333336)
(41, 3, 168, 40614584, 1.3538194666666666E7, 56.0)
(42, 3, 162, 44329560, 1.477652E7, 54.0)
(43, 3, 249, 42471472, 1.4157157333333334E7, 83.0)
(44, 3, 247, 42455088, 1.4151696E7, 82.33333333333333)
(45, 3, 272, 42455088, 1.4151696E7, 90.66666666666667)
(46, 3, 262, 42455088, 1.4151696E7, 87.33333333333333)
(47, 3, 271, 42455088, 1.4151696E7, 90.33333333333333)
(48, 3, 271, 42455088, 1.4151696E7, 90.33333333333333)
(49, 3, 273, 42455088, 1.4151696E7, 91.0)
(50, 3, 265, 42455088, 1.4151696E7, 88.33333333333333)
(51, 3, 268, 42455088, 1.4151696E7, 89.33333333333333)
(52, 3, 262, 42471472, 1.4157157333333334E7, 87.33333333333333)
(53, 3, 170, 44847152, 1.4949050666666666E7, 56.666666666666664)
(54, 3, 139, 48149928, 1.6049976E7, 46.333333333333336)
(55, 3, 118, 34396376, 1.1465458666666666E7, 39.333333333333336)
(56, 3, 200, 44847928, 1.4949309333333334E7, 66.66666666666667)
(57, 3, 207, 46294072, 1.5431357333333334E7, 69.0)
(58, 3, 213, 39010144, 1.3003381333333334E7, 71.0)
(59, 3, 186, 42478424, 1.4159474666666666E7, 62.0)
(60, 2, 169, 39323032, 1.9661516E7, 84.5)
(61, 3, 160, 42758896, 1.4252965333333334E7, 53.333333333333336)
(62, 3, 197, 42461840, 1.4153946666666666E7, 65.66666666666667)
(63, 3, 160, 42455088, 1.4151696E7, 53.333333333333336)
(64, 3, 245, 44994464, 1.4998154666666666E7, 81.66666666666667)
(65, 3, 131, 39915128, 1.3305042666666666E7, 43.666666666666664)
(66, 3, 168, 42479832, 1.4159944E7, 56.0)
(67, 3, 159, 45259280, 1.5086426666666666E7, 53.0)
(68, 3, 157, 39641144, 1.3213714666666666E7, 52.333333333333336)
(69, 3, 162, 42463512, 1.4154504E7, 54.0)
(70, 3, 160, 42460160, 1.4153386666666666E7, 53.333333333333336)
(71, 3, 157, 42455088, 1.4151696E7, 52.333333333333336)
(72, 3, 222, 44820360, 1.494012E7, 74.0)
(73, 4, 180, 48449280, 1.211232E7, 45.0)
(74, 3, 156, 36540672, 1.2180224E7, 52.0)
(75, 3, 142, 40087976, 1.3362658666666666E7, 47.333333333333336)
(76, 3, 161, 40598280, 1.353276E7, 53.666666666666664)
(77, 3, 193, 46852344, 1.5617448E7, 64.33333333333333)
(78, 4, 126, 42456008, 1.0614002E7, 31.5)
(79, 4, 168, 42353056, 1.0588264E7, 42.0)
(80, 3, 176, 42918504, 1.4306168E7, 58.666666666666664)
(81, 3, 140, 42461232, 1.4153744E7, 46.666666666666664)
(82, 3, 91, 39641800, 1.3213933333333334E7, 30.333333333333332)
(83, 3, 198, 42464864, 1.4154954666666666E7, 66.0)
(84, 3, 142, 42455336, 1.4151778666666666E7, 47.333333333333336)
(85, 3, 183, 42462528, 1.4154176E7, 61.0)
(86, 4, 131, 50526424, 1.2631606E7, 32.75)
(87, 3, 214, 40661920, 1.3553973333333334E7, 71.33333333333333)
(88, 3, 162, 36230312, 1.2076770666666666E7, 54.0)
(89, 4, 235, 50830432, 1.2707608E7, 58.75)
(90, 3, 208, 36939184, 1.2313061333333334E7, 69.33333333333333)
(91, 3, 230, 47950152, 1.5983384E7, 76.66666666666667)
(92, 3, 238, 36976344, 1.2325448E7, 79.33333333333333)
(93, 3, 252, 47983096, 1.5994365333333334E7, 84.0)
(94, 3, 230, 34146056, 1.1382018666666666E7, 76.66666666666667)
(95, 3, 251, 42463448, 1.4154482666666666E7, 83.66666666666667)
(96, 3, 251, 42455088, 1.4151696E7, 83.66666666666667)
(97, 3, 261, 42455088, 1.4151696E7, 87.0)
(98, 3, 272, 42455088, 1.4151696E7, 90.66666666666667)
(99, 3, 276, 42471472, 1.4157157333333334E7, 92.0)
------------------------------------------------------------------------------
Sample means, SD and CI (two-sided 95%)
Count: 3.1, 0,3624, 0,0710
Time: 177.29, 57,1576, 11,2029
Bytes freed: 4.246379704E7, 3580126,8600, 701704,8646
Bytes freed per GC: 13656160,8286, 1521845,6576, 298281,7489
Time per GC: 47,3607, 22,7845, 4,4658
